        Waves       Grating       DQE     M1_LiF   eLiF        A_eff         BEF
  950 0.4625 0.2537 0.1946 0.2270   0.2292     1.1412e-15
  951 0.4625 0.2545 0.1998 0.2303   0.2490     1.0495e-15
  952 0.4625 0.2554 0.2050 0.2336   0.2699     9.6710e-16
  953 0.4625 0.2563 0.2102 0.2370   0.2920     8.9295e-16
  954 0.4625 0.2571 0.2154 0.2403   0.3153     8.2602e-16
  955 0.4625 0.2580 0.2206 0.2437   0.3389     7.6772e-16
  956 0.4625 0.2589 0.2258 0.2470   0.3631     7.1589e-16
  957 0.4625 0.2597 0.2301 0.2503   0.3867     6.7137e-16
  958 0.4625 0.2606 0.2342 0.2541   0.4113     6.3066e-16
  959 0.4625 0.2615 0.2383 0.2585   0.4369     5.9308e-16
  960 0.4625 0.2623 0.2424 0.2629   0.4636     5.5834e-16
  961 0.4625 0.2632 0.2465 0.2673   0.4914     5.2619e-16
  962 0.4625 0.2641 0.2506 0.2717   0.5203     4.9639e-16
  963 0.4625 0.2649 0.2547 0.2761   0.5505     4.6872e-16
  964 0.4625 0.2658 0.2588 0.2805   0.5818     4.4302e-16
  965 0.4625 0.2667 0.2629 0.2849   0.6144     4.1910e-16
  966 0.4625 0.2675 0.2670 0.2893   0.6482     3.9682e-16
  967 0.4625 0.2684 0.2711 0.2937   0.6723     3.8219e-16
  968 0.4625 0.2693 0.2752 0.2981   0.6965     3.6854e-16
  969 0.4625 0.2701 0.2793 0.3004   0.7213     3.5552e-16
  970 0.4625 0.2710 0.2829 0.3023   0.7453     3.4368e-16
  971 0.4625 0.2719 0.2855 0.3041   0.7671     3.3359e-16
  972 0.4625 0.2727 0.2880 0.3059   0.7893     3.2386e-16
  973 0.4625 0.2736 0.2906 0.3069   0.8056     3.1701e-16
  974 0.4625 0.2745 0.2931 0.3073   0.8174     3.1208e-16
  975 0.4625 0.2753 0.2956 0.3076   0.8294     3.0726e-16
  976 0.4625 0.2762 0.2982 0.3080   0.8415     3.0254e-16
  977 0.4625 0.2771 0.3007 0.3083   0.8537     2.9792e-16
  978 0.4625 0.2780 0.3033 0.3087   0.8659     2.9340e-16
  979 0.4625 0.2788 0.3058 0.3090   0.8721     2.9103e-16
  980 0.4625 0.2797 0.3083 0.3088   0.8560     2.9619e-16
  981 0.4625 0.2806 0.3109 0.3058   0.8398     3.0160e-16
  982 0.4625 0.2814 0.3134 0.3028   0.8234     3.0728e-16
  983 0.4625 0.2823 0.3143 0.2997   0.8027     3.1492e-16
  984 0.4625 0.2832 0.3146 0.2967   0.7808     3.2342e-16
  985 0.4625 0.2840 0.3150 0.2936   0.7591     3.3233e-16
  986 0.4625 0.2849 0.3153 0.2906   0.7414     3.3992e-16
  987 0.4625 0.2858 0.3157 0.2875   0.7244     3.4751e-16
  988 0.4625 0.2866 0.3161 0.2845   0.7076     3.5540e-16
  989 0.4625 0.2875 0.3164 0.2870   0.6909     3.6362e-16
  990 0.4625 0.2884 0.3207 0.2922   0.7231     3.4708e-16
  991 0.4625 0.2892 0.3298 0.2975   0.7951     3.1535e-16
  992 0.4625 0.2901 0.3388 0.3027   0.8743     2.8650e-16
  993 0.4625 0.2910 0.3478 0.3079   0.9615     2.6025e-16
  994 0.4625 0.2918 0.3569 0.3132   1.0544     2.3707e-16
  995 0.4625 0.2927 0.3659 0.3184   1.1533     2.1652e-16
  996 0.4625 0.2936 0.3750 0.3248   1.2584     1.9824e-16
  997 0.4625 0.2944 0.3840 0.3345   1.3699     1.8192e-16
  998 0.4625 0.2953 0.3931 0.3443   1.5008     1.6590e-16
  999 0.4625 0.2962 0.4024 0.3541   1.7402     1.4293e-16
 1000 0.4625 0.2970 0.4190 0.3639   2.0375     1.2195e-16
 1001 0.4625 0.2979 0.4355 0.3736   2.3672     1.0486e-16
 1002 0.4625 0.2988 0.4520 0.3956   2.7112     9.1464e-17
 1003 0.4625 0.2996 0.4686 0.4184   3.0862     8.0271e-17
 1004 0.4625 0.3005 0.4846 0.4412   3.4909     7.0894e-17
 1005 0.4625 0.3014 0.5005 0.4551   3.9092     6.3245e-17
 1006 0.4625 0.3022 0.5164 0.4661   4.3532     5.6738e-17
 1007 0.4625 0.3030 0.5322 0.4771   4.8302     5.1084e-17
 1008 0.4625 0.3039 0.5512 0.4881   5.4609     4.5140e-17
 1009 0.4625 0.3047 0.5715 0.5041   6.2331     3.9508e-17
 1010 0.4625 0.3055 0.5828 0.5248   6.8379     3.5978e-17
 1011 0.4625 0.3063 0.5879 0.5424   7.2385     3.3954e-17
 1012 0.4625 0.3071 0.5930 0.5551   7.6540     3.2078e-17
 1013 0.4625 0.3079 0.5981 0.5677   8.0850     3.0339e-17
 1014 0.4625 0.3087 0.6032 0.5803   8.5315     2.8722e-17
 1015 0.4625 0.3095 0.6083 0.5929   8.9940     2.7218e-17
 1016 0.4625 0.3103 0.6139 0.6055   9.4813     2.5794e-17
 1017 0.4625 0.3111 0.6207 0.6180  10.0045     2.4421e-17
 1018 0.4625 0.3119 0.6275 0.6259  10.5472     2.3142e-17
 1019 0.4625 0.3127 0.6335 0.6337  10.9121     2.2346e-17
 1020 0.4625 0.3136 0.6363 0.6415  11.2220     2.1708e-17
 1021 0.4625 0.3144 0.6391 0.6493  11.5379     2.1093e-17
 1022 0.4625 0.3152 0.6420 0.6571  11.7971     2.0609e-17
 1023 0.4625 0.3161 0.6448 0.6629  12.0426     2.0169e-17
 1024 0.4625 0.3169 0.6476 0.6678  12.2917     1.9741e-17
 1025 0.4625 0.3177 0.6504 0.6726  12.5445     1.9324e-17
 1026 0.4625 0.3185 0.6533 0.6775  12.8011     1.8919e-17
 1027 0.4625 0.3194 0.6561 0.6824  13.0523     1.8536e-17
 1028 0.4625 0.3202 0.6589 0.6873  13.2970     1.8178e-17
 1029 0.4625 0.3210 0.6613 0.6922  13.5354     1.7840e-17
 1030 0.4625 0.3219 0.6635 0.6971  13.7741     1.7514e-17
 1031 0.4625 0.3227 0.6657 0.7020  14.0159     1.7195e-17
 1032 0.4625 0.3235 0.6679 0.7069  14.2607     1.6884e-17
 1033 0.4625 0.3243 0.6702 0.7116  14.5086     1.6579e-17
 1034 0.4625 0.3252 0.6724 0.7150  14.7595     1.6281e-17
 1035 0.4625 0.3260 0.6746 0.7185  15.0137     1.5990e-17
 1036 0.4625 0.3268 0.6768 0.7219  15.2708     1.5706e-17
 1037 0.4625 0.3276 0.6786 0.7253  15.4873     1.5471e-17
 1038 0.4625 0.3285 0.6798 0.7287  15.6890     1.5258e-17
 1039 0.4625 0.3293 0.6809 0.7322  15.8925     1.5048e-17
 1040 0.4625 0.3301 0.6821 0.7356  16.0977     1.4842e-17
 1041 0.4625 0.3309 0.6833 0.7390  16.3048     1.4639e-17
 1042 0.4625 0.3317 0.6845 0.7424  16.4655     1.4482e-17
 1043 0.4625 0.3325 0.6856 0.7458  16.5976     1.4353e-17
 1044 0.4625 0.3334 0.6868 0.7488  16.7305     1.4226e-17
 1045 0.4625 0.3342 0.6880 0.7512  16.8641     1.4099e-17
 1046 0.4625 0.3350 0.6891 0.7537  16.9986     1.3975e-17
 1047 0.4625 0.3358 0.6903 0.7561  17.1339     1.3851e-17
 1048 0.4625 0.3366 0.6915 0.7586  17.2700     1.3729e-17
 1049 0.4625 0.3374 0.6926 0.7610  17.4068     1.3608e-17
 1050 0.4625 0.3383 0.6938 0.7635  17.5375     1.3494e-17
 1051 0.4625 0.3391 0.6938 0.7659  17.5931     1.3438e-17
 1052 0.4625 0.3399 0.6935 0.7684  17.6424     1.3388e-17
 1053 0.4625 0.3407 0.6933 0.7708  17.6917     1.3338e-17
 1054 0.4625 0.3415 0.6930 0.7733  17.7410     1.3288e-17
 1055 0.4625 0.3423 0.6928 0.7757  17.7904     1.3239e-17
 1056 0.4625 0.3432 0.6925 0.7782  17.8398     1.3190e-17
 1057 0.4625 0.3440 0.6922 0.7799  17.8892     1.3141e-17
 1058 0.4625 0.3448 0.6920 0.7815  17.9386     1.3092e-17
 1059 0.4625 0.3456 0.6917 0.7831  17.9880     1.3044e-17
 1060 0.4625 0.3464 0.6915 0.7847  18.0372     1.2996e-17
 1061 0.4625 0.3472 0.6920 0.7863  18.1065     1.2934e-17
 1062 0.4625 0.3480 0.6938 0.7878  18.2100     1.2848e-17
 1063 0.4625 0.3488 0.6956 0.7894  18.3137     1.2764e-17
 1064 0.4625 0.3496 0.6974 0.7910  18.4177     1.2680e-17
 1065 0.4625 0.3504 0.6992 0.7926  18.5221     1.2596e-17
 1066 0.4625 0.3512 0.7010 0.7941  18.6269     1.2514e-17
 1067 0.4625 0.3520 0.7029 0.7957  18.7334     1.2431e-17
 1068 0.4625 0.3528 0.7046 0.7973  18.8446     1.2346e-17
 1069 0.4625 0.3536 0.7046 0.7989  18.9102     1.2292e-17
 1070 0.4625 0.3544 0.7046 0.8004  18.9759     1.2238e-17
 1071 0.4625 0.3552 0.7046 0.8020  19.0418     1.2184e-17
 1072 0.4625 0.3561 0.7046 0.8027  19.1077     1.2130e-17
 1073 0.4625 0.3569 0.7046 0.8033  19.1738     1.2077e-17
 1074 0.4625 0.3577 0.7045 0.8039  19.2400     1.2025e-17
 1075 0.4625 0.3585 0.7045 0.8046  19.3063     1.1972e-17
 1076 0.4625 0.3593 0.7045 0.8052  19.3728     1.1920e-17
 1077 0.4625 0.3601 0.7045 0.8058  19.4393     1.1868e-17
 1078 0.4625 0.3609 0.7045 0.8064  19.4863     1.1829e-17
 1079 0.4625 0.3617 0.7045 0.8070  19.5170     1.1799e-17
 1080 0.4625 0.3625 0.7045 0.8076  19.5475     1.1770e-17
 1081 0.4625 0.3633 0.7045 0.8083  19.5773     1.1741e-17
 1082 0.4625 0.3640 0.7048 0.8089  19.6156     1.1707e-17
 1083 0.4625 0.3648 0.7055 0.8095  19.6637     1.1668e-17
 1084 0.4625 0.3656 0.7062 0.8100  19.7112     1.1629e-17
 1085 0.4625 0.3663 0.7069 0.8100  19.7583     1.1591e-17
 1086 0.4625 0.3671 0.7076 0.8100  19.8054     1.1552e-17
 1087 0.4625 0.3678 0.7083 0.8100  19.8526     1.1514e-17
 1088 0.4625 0.3686 0.7090 0.8100  19.9466     1.1449e-17
 1089 0.4625 0.3693 0.7097 0.8100  20.0411     1.1385e-17
 1090 0.4625 0.3701 0.7104 0.8100  20.1360     1.1321e-17
 1091 0.4625 0.3708 0.7110 0.8101  20.2311     1.1257e-17
 1092 0.4625 0.3716 0.7117 0.8101  20.3265     1.1194e-17
 1093 0.4625 0.3723 0.7124 0.8101  20.4223     1.1132e-17
 1094 0.4625 0.3731 0.7131 0.8101  20.5184     1.1069e-17
 1095 0.4625 0.3739 0.7138 0.8101  20.5872     1.1022e-17
 1096 0.4625 0.3746 0.7145 0.8101  20.6353     1.0987e-17
 1097 0.4625 0.3754 0.7152 0.8101  20.6835     1.0951e-17
 1098 0.4625 0.3761 0.7159 0.8101  20.7316     1.0916e-17
 1099 0.4625 0.3769 0.7166 0.8100  20.7798     1.0880e-17
 1100 0.4625 0.3776 0.7172 0.8098  20.8279     1.0845e-17
 1101 0.4625 0.3784 0.7179 0.8097  20.8761     1.0811e-17
 1102 0.4625 0.3791 0.7186 0.8095  20.9233     1.0776e-17
 1103 0.4625 0.3798 0.7193 0.8093  20.9682     1.0743e-17
 1104 0.4625 0.3805 0.7200 0.8091  21.0107     1.0712e-17
 1105 0.4625 0.3811 0.7204 0.8089  21.0321     1.0691e-17
 1106 0.4625 0.3816 0.7205 0.8087  21.0423     1.0677e-17
 1107 0.4625 0.3822 0.7206 0.8085  21.0511     1.0663e-17
 1108 0.4625 0.3827 0.7207 0.8083  21.0599     1.0648e-17
 1109 0.4625 0.3833 0.7208 0.8081  21.0686     1.0634e-17
 1110 0.4625 0.3839 0.7209 0.8080  21.0773     1.0620e-17
 1111 0.4625 0.3844 0.7211 0.8078  21.0859     1.0607e-17
 1112 0.4625 0.3850 0.7212 0.8076  21.0945     1.0593e-17
 1113 0.4625 0.3855 0.7213 0.8074  21.1030     1.0579e-17
 1114 0.4625 0.3861 0.7214 0.8072  21.1115     1.0565e-17
 1115 0.4625 0.3866 0.7215 0.8070  21.1199     1.0552e-17
 1116 0.4625 0.3872 0.7216 0.8068  21.1282     1.0538e-17
 1117 0.4625 0.3877 0.7217 0.8066  21.1365     1.0524e-17
 1118 0.4625 0.3882 0.7218 0.8065  21.1413     1.0513e-17
 1119 0.4625 0.3886 0.7219 0.8063  21.1400     1.0504e-17
 1120 0.4625 0.3888 0.7220 0.8061  21.1326     1.0498e-17
 1121 0.4625 0.3890 0.7221 0.8059  21.1193     1.0495e-17
 1122 0.4625 0.3891 0.7222 0.8057  21.1000     1.0496e-17
 1123 0.4625 0.3890 0.7223 0.8055  21.0748     1.0499e-17
 1124 0.4625 0.3888 0.7224 0.8053  21.0443     1.0505e-17
 1125 0.4625 0.3886 0.7225 0.8051  21.0086     1.0513e-17
 1126 0.4625 0.3882 0.7226 0.8046  20.9676     1.0524e-17
 1127 0.4625 0.3878 0.7228 0.8039  20.9214     1.0538e-17
 1128 0.4625 0.3873 0.7229 0.8032  20.8732     1.0553e-17
 1129 0.4625 0.3868 0.7232 0.8025  20.8305     1.0565e-17
 1130 0.4625 0.3863 0.7237 0.8019  20.7951     1.0574e-17
 1131 0.4625 0.3858 0.7243 0.8012  20.7644     1.0580e-17
 1132 0.4625 0.3840 0.7248 0.8005  20.6672     1.0621e-17
 1133 0.4625 0.3822 0.7254 0.7999  20.5694     1.0662e-17
 1134 0.4625 0.3803 0.7259 0.7992  20.4708     1.0704e-17
 1135 0.4625 0.3785 0.7264 0.7985  20.3716     1.0746e-17
 1136 0.4625 0.3766 0.7270 0.7978  20.2717     1.0790e-17
 1137 0.4625 0.3761 0.7275 0.7972  20.2423     1.0796e-17
 1138 0.4625 0.3755 0.7281 0.7965  20.2129     1.0802e-17
 1139 0.4625 0.3750 0.7286 0.7958  20.1835     1.0808e-17
 1140 0.4625 0.3744 0.7292 0.7951  20.1540     1.0815e-17
 1141 0.4625 0.3739 0.7297 0.7945  20.1245     1.0821e-17
 1142 0.4625 0.3732 0.7303 0.7938  20.0873     1.0832e-17
 1143 0.4625 0.3723 0.7308 0.7931  20.0402     1.0848e-17
 1144 0.4625 0.3712 0.7314 0.7925  19.9832     1.0869e-17
 1145 0.4625 0.3700 0.7319 0.7919  19.9163     1.0896e-17
 1146 0.4625 0.3685 0.7325 0.7914  19.8394     1.0929e-17
 1147 0.4625 0.3671 0.7330 0.7909  19.7603     1.0963e-17
 1148 0.4625 0.3656 0.7336 0.7904  19.6707     1.1003e-17
 1149 0.4625 0.3641 0.7341 0.7899  19.5715     1.1049e-17
 1150 0.4625 0.3627 0.7347 0.7894  19.4724     1.1096e-17
 1151 0.4625 0.3612 0.7352 0.7889  19.3735     1.1143e-17
 1152 0.4625 0.3597 0.7358 0.7884  19.2747     1.1190e-17
 1153 0.4625 0.3582 0.7361 0.7879  19.1694     1.1242e-17
 1154 0.4625 0.3567 0.7360 0.7874  19.0517     1.1302e-17
 1155 0.4625 0.3552 0.7358 0.7869  18.9317     1.1363e-17
 1156 0.4625 0.3536 0.7357 0.7864  18.8096     1.1427e-17
 1157 0.4625 0.3519 0.7356 0.7859  18.6852     1.1493e-17
 1158 0.4625 0.3502 0.7355 0.7854  18.5588     1.1562e-17
 1159 0.4625 0.3485 0.7354 0.7849  18.4324     1.1631e-17
 1160 0.4625 0.3468 0.7353 0.7844  18.3064     1.1701e-17
 1161 0.4625 0.3451 0.7352 0.7839  18.1808     1.1772e-17
 1162 0.4625 0.3433 0.7351 0.7834  18.0555     1.1843e-17
 1163 0.4625 0.3416 0.7350 0.7829  17.9307     1.1915e-17
 1164 0.4625 0.3399 0.7349 0.7824  17.8062     1.1988e-17
 1165 0.4625 0.3382 0.7347 0.7819  17.6822     1.2062e-17
 1166 0.4625 0.3365 0.7346 0.7814  17.5634     1.2133e-17
 1167 0.4625 0.3348 0.7345 0.7809  17.4502     1.2201e-17
 1168 0.4625 0.3331 0.7344 0.7804  17.3373     1.2270e-17
 1169 0.4625 0.3314 0.7343 0.7799  17.2246     1.2340e-17
 1170 0.4625 0.3297 0.7342 0.7792  17.1122     1.2411e-17
 1171 0.4625 0.3279 0.7341 0.7782  17.0001     1.2482e-17
 1172 0.4625 0.3262 0.7340 0.7771  16.8882     1.2554e-17
 1173 0.4625 0.3245 0.7339 0.7761  16.7765     1.2626e-17
 1174 0.4625 0.3228 0.7338 0.7751  16.6634     1.2701e-17
 1175 0.4625 0.3210 0.7336 0.7740  16.5488     1.2778e-17
 1176 0.4625 0.3192 0.7335 0.7730  16.4328     1.2858e-17
 1177 0.4625 0.3173 0.7334 0.7719  16.3153     1.2939e-17
 1178 0.4625 0.3155 0.7333 0.7709  16.1965     1.3023e-17
 1179 0.4625 0.3136 0.7332 0.7699  16.0778     1.3108e-17
 1180 0.4625 0.3117 0.7331 0.7688  15.9593     1.3194e-17
 1181 0.4625 0.3098 0.7329 0.7678  15.8412     1.3281e-17
 1182 0.4625 0.3080 0.7328 0.7667  15.7233     1.3370e-17
 1183 0.4625 0.3061 0.7327 0.7657  15.6058     1.3459e-17
 1184 0.4625 0.3042 0.7326 0.7647  15.4894     1.3549e-17
 1185 0.4625 0.3024 0.7325 0.7636  15.3739     1.3639e-17
 1186 0.4625 0.3005 0.7323 0.7626  15.2594     1.3730e-17
 1187 0.4625 0.2987 0.7322 0.7615  15.1434     1.3823e-17
 1188 0.4625 0.2969 0.7321 0.7605  15.0214     1.3924e-17
 1189 0.4625 0.2951 0.7320 0.7595  14.8998     1.4026e-17
 1190 0.4625 0.2933 0.7319 0.7584  14.7786     1.4129e-17
 1191 0.4625 0.2915 0.7317 0.7574  14.6579     1.4233e-17
 1192 0.4625 0.2897 0.7316 0.7563  14.5375     1.4339e-17
 1193 0.4625 0.2879 0.7315 0.7555  14.4175     1.4446e-17
 1194 0.4625 0.2861 0.7314 0.7547  14.3019     1.4551e-17
 1195 0.4625 0.2848 0.7313 0.7538  14.2046     1.4638e-17
 1196 0.4625 0.2838 0.7311 0.7530  14.1256     1.4708e-17
 1197 0.4625 0.2834 0.7310 0.7521  14.0767     1.4746e-17
 1198 0.4625 0.2832 0.7309 0.7513  14.0418     1.4771e-17
 1199 0.4625 0.2833 0.7308 0.7505  14.0171     1.4784e-17
 1200 0.5162 0.2833 0.7307 0.7496  15.6141     1.3261e-17
 1201 0.5154 0.2832 0.7304 0.7488  15.5498     1.3305e-17
 1202 0.5145 0.2828 0.7300 0.7479  15.4629     1.3369e-17
 1203 0.5137 0.2824 0.7295 0.7471  15.3770     1.3432e-17
 1204 0.5128 0.2821 0.7290 0.7463  15.2934     1.3494e-17
 1205 0.5120 0.2818 0.7285 0.7454  15.2121     1.3555e-17
 1206 0.5112 0.2815 0.7281 0.7446  15.1331     1.3615e-17
 1207 0.5103 0.2812 0.7276 0.7438  15.0564     1.3673e-17
 1208 0.5095 0.2810 0.7271 0.7429  14.9814     1.3730e-17
 1209 0.5086 0.2808 0.7266 0.7421  14.9087     1.3785e-17
 1210 0.5077 0.2806 0.7262 0.7412  14.8363     1.3841e-17
 1211 0.5069 0.2804 0.7257 0.7404  14.7641     1.3897e-17
 1212 0.5061 0.2801 0.7252 0.7396  14.6923     1.3954e-17
 1213 0.5052 0.2799 0.7247 0.7387  14.6205     1.4011e-17
 1214 0.5044 0.2797 0.7243 0.7379  14.5483     1.4069e-17
 1215 0.5035 0.2794 0.7238 0.7370  14.4759     1.4127e-17
 1216 0.5027 0.2792 0.7233 0.7362  14.4032     1.4187e-17
 1217 0.5018 0.2789 0.7228 0.7354  14.3303     1.4247e-17
 1218 0.5009 0.2786 0.7224 0.7345  14.2572     1.4309e-17
 1219 0.5001 0.2784 0.7219 0.7337  14.1844     1.4370e-17
 1220 0.4993 0.2781 0.7214 0.7329  14.1120     1.4432e-17
 1221 0.4984 0.2778 0.7209 0.7321  14.0398     1.4495e-17
 1222 0.4976 0.2775 0.7204 0.7312  13.9679     1.4557e-17
 1223 0.4967 0.2773 0.7200 0.7304  13.8963     1.4620e-17
 1224 0.4958 0.2770 0.7195 0.7296  13.8250     1.4684e-17
 1225 0.4950 0.2767 0.7190 0.7288  13.7539     1.4748e-17
 1226 0.4942 0.2764 0.7185 0.7280  13.6832     1.4812e-17
 1227 0.4933 0.2761 0.7181 0.7272  13.6127     1.4876e-17
 1228 0.4924 0.2759 0.7176 0.7264  13.5524     1.4930e-17
 1229 0.4916 0.2756 0.7172 0.7256  13.4935     1.4983e-17
 1230 0.4908 0.2753 0.7171 0.7248  13.4416     1.5029e-17
 1231 0.4899 0.2750 0.7170 0.7240  13.3897     1.5075e-17
 1232 0.4891 0.2748 0.7169 0.7232  13.3380     1.5121e-17
 1233 0.4882 0.2745 0.7168 0.7224  13.2863     1.5168e-17
 1234 0.4873 0.2742 0.7167 0.7216  13.2345     1.5215e-17
 1235 0.4865 0.2739 0.7166 0.7208  13.1826     1.5262e-17
 1236 0.4856 0.2736 0.7165 0.7199  13.1306     1.5310e-17
 1237 0.4848 0.2733 0.7165 0.7191  13.0785     1.5359e-17
 1238 0.4840 0.2730 0.7164 0.7183  13.0265     1.5408e-17
 1239 0.4831 0.2727 0.7163 0.7175  12.9745     1.5457e-17
 1240 0.4823 0.2724 0.7162 0.7167  12.9228     1.5506e-17
 1241 0.4814 0.2721 0.7161 0.7159  12.8711     1.5556e-17
 1242 0.4806 0.2718 0.7160 0.7151  12.8197     1.5606e-17
 1243 0.4797 0.2715 0.7159 0.7143  12.7683     1.5656e-17
 1244 0.4789 0.2712 0.7159 0.7135  12.7171     1.5706e-17
 1245 0.4780 0.2709 0.7158 0.7127  12.6661     1.5757e-17
 1246 0.4771 0.2706 0.7157 0.7122  12.6152     1.5808e-17
 1247 0.4763 0.2703 0.7156 0.7117  12.5644     1.5859e-17
 1248 0.4755 0.2700 0.7155 0.7113  12.5190     1.5904e-17
 1249 0.4746 0.2697 0.7154 0.7108  12.4751     1.5947e-17
 1250 0.4737 0.2694 0.7153 0.7104  12.4313     1.5990e-17
 1251 0.4730 0.2691 0.7152 0.7099  12.3902     1.6031e-17
 1252 0.4723 0.2688 0.7152 0.7094  12.3492     1.6071e-17
 1253 0.4715 0.2685 0.7151 0.7090  12.3083     1.6111e-17
 1254 0.4708 0.2682 0.7150 0.7085  12.2675     1.6152e-17
 1255 0.4700 0.2679 0.7149 0.7081  12.2263     1.6194e-17
 1256 0.4692 0.2676 0.7148 0.7076  12.1844     1.6236e-17
 1257 0.4685 0.2672 0.7147 0.7071  12.1420     1.6280e-17
 1258 0.4678 0.2669 0.7146 0.7067  12.0989     1.6325e-17
 1259 0.4670 0.2665 0.7146 0.7062  12.0553     1.6371e-17
 1260 0.4663 0.2661 0.7145 0.7058  12.0116     1.6418e-17
 1261 0.4655 0.2657 0.7144 0.7053  11.9679     1.6464e-17
 1262 0.4648 0.2654 0.7142 0.7048  11.9102     1.6531e-17
 1263 0.4640 0.2650 0.7141 0.7044  11.8521     1.6599e-17
 1264 0.4633 0.2646 0.7139 0.7039  11.7942     1.6667e-17
 1265 0.4625 0.2642 0.7138 0.7035  11.7366     1.6736e-17
 1266 0.4618 0.2638 0.7136 0.7030  11.6791     1.6805e-17
 1267 0.4610 0.2635 0.7135 0.7026  11.6219     1.6874e-17
 1268 0.4603 0.2631 0.7133 0.7019  11.5649     1.6944e-17
 1269 0.4595 0.2627 0.7131 0.7012  11.5081     1.7014e-17
 1270 0.4588 0.2623 0.7130 0.7005  11.4515     1.7085e-17
 1271 0.4580 0.2620 0.7128 0.6997  11.3951     1.7156e-17
 1272 0.4573 0.2616 0.7127 0.6990  11.3390     1.7228e-17
 1273 0.4565 0.2612 0.7125 0.6982  11.2830     1.7299e-17
 1274 0.4558 0.2608 0.7123 0.6975  11.2272     1.7372e-17
 1275 0.4550 0.2604 0.7122 0.6968  11.1717     1.7444e-17
 1276 0.4543 0.2601 0.7120 0.6960  11.1163     1.7517e-17
 1277 0.4535 0.2597 0.7119 0.6953  11.0612     1.7591e-17
 1278 0.4528 0.2593 0.7117 0.6946  11.0062     1.7665e-17
 1279 0.4520 0.2589 0.7116 0.6938  10.9535     1.7736e-17
 1280 0.4513 0.2586 0.7114 0.6931  10.9010     1.7808e-17
 1281 0.4505 0.2582 0.7112 0.6923  10.8487     1.7880e-17
 1282 0.4498 0.2578 0.7111 0.6916  10.7965     1.7952e-17
 1283 0.4490 0.2574 0.7109 0.6909  10.7446     1.8025e-17
 1284 0.4483 0.2570 0.7108 0.6901  10.6928     1.8098e-17
 1285 0.4475 0.2567 0.7106 0.6894  10.6412     1.8171e-17
 1286 0.4468 0.2563 0.7104 0.6887  10.5898     1.8245e-17
 1287 0.4460 0.2559 0.7103 0.6879  10.5385     1.8320e-17
 1288 0.4453 0.2555 0.7101 0.6872  10.4875     1.8395e-17
 1289 0.4445 0.2552 0.7100 0.6865  10.4366     1.8470e-17
 1290 0.4437 0.2548 0.7098 0.6857  10.3860     1.8546e-17
 1291 0.4430 0.2544 0.7096 0.6850  10.3355     1.8622e-17
 1292 0.4423 0.2540 0.7095 0.6843  10.2852     1.8699e-17
 1293 0.4415 0.2537 0.7093 0.6837  10.2352     1.8775e-17
 1294 0.4408 0.2533 0.7092 0.6831  10.1856     1.8852e-17
 1295 0.4400 0.2529 0.7090 0.6825  10.1364     1.8929e-17
 1296 0.4393 0.2526 0.7089 0.6819  10.0877     1.9006e-17
 1297 0.4385 0.2522 0.7088 0.6813  10.0402     1.9081e-17
 1298 0.4377 0.2518 0.7087 0.6806   9.9560     1.9228e-17
 1299 0.4370 0.2515 0.7086 0.6800   9.8690     1.9382e-17
 1300 0.4363 0.2511 0.7085 0.6794   9.7826     1.9538e-17
 1301 0.4363 0.2508 0.7085 0.6788   9.7157     1.9658e-17
 1302 0.4365 0.2504 0.7084 0.6782   9.6491     1.9778e-17
 1303 0.4366 0.2501 0.7083 0.6776   9.5828     1.9900e-17
 1304 0.4367 0.2497 0.7082 0.6770   9.5167     2.0023e-17
 1305 0.4368 0.2494 0.7081 0.6764   9.4509     2.0146e-17
 1306 0.4369 0.2490 0.7081 0.6758   9.3855     2.0271e-17
 1307 0.4370 0.2486 0.7080 0.6752   9.3203     2.0398e-17
 1308 0.4371 0.2483 0.7079 0.6746   9.2554     2.0525e-17
 1309 0.4372 0.2479 0.7078 0.6740   9.2037     2.0624e-17
 1310 0.4372 0.2476 0.7077 0.6734   9.1917     2.0636e-17
 1311 0.4374 0.2472 0.7076 0.6728   9.1797     2.0647e-17
 1312 0.4375 0.2469 0.7076 0.6722   9.1677     2.0658e-17
 1313 0.4376 0.2465 0.7075 0.6716   9.1557     2.0669e-17
 1314 0.4376 0.2462 0.7074 0.6710   9.1711     2.0619e-17
 1315 0.4377 0.2458 0.7073 0.6704   9.1863     2.0569e-17
 1316 0.4378 0.2454 0.7072 0.6698   9.2016     2.0519e-17
 1317 0.4380 0.2451 0.7072 0.6692   9.2168     2.0470e-17
 1318 0.4381 0.2447 0.7071 0.6684   9.2320     2.0421e-17
 1319 0.4382 0.2444 0.7070 0.6677   9.2472     2.0372e-17
 1320 0.4382 0.2440 0.7069 0.6669   9.2623     2.0323e-17
 1321 0.4383 0.2437 0.7068 0.6662   9.2648     2.0302e-17
 1322 0.4385 0.2433 0.7067 0.6654   9.2580     2.0302e-17
 1323 0.4385 0.2429 0.7067 0.6646   9.2509     2.0302e-17
 1324 0.4386 0.2425 0.7066 0.6639   9.2427     2.0305e-17
 1325 0.4387 0.2421 0.7065 0.6631   9.2335     2.0310e-17
 1326 0.4389 0.2417 0.7064 0.6623   9.2232     2.0317e-17
 1327 0.4390 0.2412 0.7063 0.6616   9.2117     2.0327e-17
 1328 0.4390 0.2407 0.7063 0.6608   9.1995     2.0338e-17
 1329 0.4392 0.2402 0.7062 0.6600   9.1873     2.0350e-17
 1330 0.4392 0.2397 0.7061 0.6593   9.1751     2.0362e-17
 1331 0.4393 0.2392 0.7060 0.6585   9.1626     2.0374e-17
 1332 0.4394 0.2387 0.7059 0.6577   9.1500     2.0387e-17
 1333 0.4396 0.2382 0.7058 0.6570   9.1373     2.0400e-17
 1334 0.4397 0.2377 0.7057 0.6562   9.1247     2.0413e-17
 1335 0.4397 0.2372 0.7056 0.6555   9.1120     2.0426e-17
 1336 0.4398 0.2367 0.7055 0.6547   9.0993     2.0439e-17
 1337 0.4399 0.2363 0.7054 0.6539   9.0865     2.0453e-17
 1338 0.4401 0.2358 0.7053 0.6532   9.0738     2.0466e-17
 1339 0.4401 0.2353 0.7051 0.6524   9.0610     2.0480e-17
 1340 0.4403 0.2348 0.7050 0.6516   9.0482     2.0494e-17
 1341 0.4404 0.2343 0.7049 0.6508   9.0353     2.0507e-17
 1342 0.4405 0.2338 0.7048 0.6501   9.0225     2.0521e-17
 1343 0.4405 0.2333 0.7047 0.6493   9.0096     2.0535e-17
 1344 0.4406 0.2328 0.7046 0.6485   8.9967     2.0549e-17
 1345 0.4407 0.2323 0.7045 0.6478   8.9809     2.0570e-17
 1346 0.4408 0.2318 0.7044 0.6470   8.9515     2.0623e-17
 1347 0.4410 0.2313 0.7043 0.6462   8.9221     2.0675e-17
 1348 0.4411 0.2308 0.7042 0.6454   8.8927     2.0728e-17
 1349 0.4411 0.2303 0.7041 0.6447   8.8634     2.0781e-17
 1350 0.4412 0.2298 0.7040 0.6439   8.8342     2.0834e-17
 1351 0.4414 0.2293 0.7039 0.6431   8.8070     2.0883e-17
 1352 0.4417 0.2288 0.7038 0.6424   8.7799     2.0932e-17
 1353 0.4418 0.2283 0.7037 0.6416   8.7532     2.0981e-17
 1354 0.4420 0.2279 0.7036 0.6408   8.7267     2.1029e-17
 1355 0.4422 0.2274 0.7034 0.6401   8.7005     2.1076e-17
 1356 0.4425 0.2269 0.7033 0.6393   8.6746     2.1124e-17
 1357 0.4426 0.2265 0.7030 0.6385   8.6479     2.1173e-17
 1358 0.4428 0.2260 0.7026 0.6377   8.6209     2.1224e-17
 1359 0.4430 0.2255 0.7021 0.6370   8.5938     2.1275e-17
 1360 0.4432 0.2251 0.7016 0.6362   8.5668     2.1327e-17
 1361 0.4434 0.2246 0.7012 0.6355   8.5398     2.1378e-17
 1362 0.4437 0.2242 0.7007 0.6349   8.5129     2.1430e-17
 1363 0.4439 0.2237 0.7002 0.6344   8.4860     2.1482e-17
 1364 0.4440 0.2232 0.6998 0.6338   8.4592     2.1535e-17
 1365 0.4442 0.2228 0.6993 0.6333   8.4324     2.1587e-17
 1366 0.4445 0.2223 0.6988 0.6327   8.4056     2.1640e-17
 1367 0.4446 0.2218 0.6984 0.6322   8.3789     2.1693e-17
 1368 0.4448 0.2214 0.6979 0.6317   8.3522     2.1747e-17
 1369 0.4451 0.2209 0.6974 0.6311   8.3255     2.1801e-17
 1370 0.4452 0.2205 0.6970 0.6306   8.2989     2.1854e-17
 1371 0.4454 0.2200 0.6965 0.6300   8.2724     2.1909e-17
 1372 0.4456 0.2195 0.6960 0.6295   8.2458     2.1963e-17
 1373 0.4459 0.2191 0.6956 0.6289   8.2193     2.2018e-17
 1374 0.4460 0.2186 0.6951 0.6284   8.1929     2.2073e-17
 1375 0.4462 0.2182 0.6946 0.6278   8.1665     2.2128e-17
 1376 0.4464 0.2177 0.6942 0.6273   8.1401     2.2184e-17
 1377 0.4466 0.2172 0.6937 0.6267   8.1138     2.2239e-17
 1378 0.4468 0.2168 0.6932 0.6262   8.0875     2.2296e-17
 1379 0.4471 0.2163 0.6928 0.6256   8.0613     2.2352e-17
 1380 0.4472 0.2158 0.6927 0.6251   8.0395     2.2396e-17
 1381 0.4475 0.2154 0.6929 0.6245   8.0209     2.2432e-17
 1382 0.4476 0.2149 0.6931 0.6240   8.0001     2.2474e-17
 1383 0.4478 0.2145 0.6933 0.6234   7.9792     2.2517e-17
 1384 0.4480 0.2140 0.6935 0.6229   7.9583     2.2559e-17
 1385 0.4483 0.2135 0.6937 0.6226   7.9375     2.2602e-17
 1386 0.4484 0.2131 0.6940 0.6223   7.9167     2.2645e-17
 1387 0.4486 0.2126 0.6942 0.6220   7.8959     2.2689e-17
 1388 0.4488 0.2121 0.6944 0.6217   7.8750     2.2732e-17
 1389 0.4490 0.2117 0.6946 0.6214   7.8542     2.2776e-17
 1390 0.4492 0.2112 0.6948 0.6211   7.8334     2.2820e-17
 1391 0.4494 0.2108 0.6950 0.6208   7.8127     2.2864e-17
 1392 0.4496 0.2103 0.6952 0.6205   7.7919     2.2909e-17
 1393 0.4498 0.2098 0.6955 0.6202   7.7711     2.2953e-17
 1394 0.4500 0.2094 0.6957 0.6199   7.7504     2.2998e-17
 1395 0.4502 0.2089 0.6959 0.6196   7.7293     2.3045e-17
 1396 0.4504 0.2084 0.6961 0.6193   7.7079     2.3092e-17
 1397 0.4506 0.2079 0.6963 0.6190   7.6862     2.3141e-17
 1398 0.4508 0.2074 0.6965 0.6187   7.6641     2.3191e-17
 1399 0.4511 0.2069 0.6967 0.6184   7.6414     2.3243e-17
 1400 0.4512 0.2064 0.6969 0.6181   7.6143     2.3309e-17
 1401 0.4513 0.2059 0.6972 0.6178   7.5843     2.3385e-17
 1402 0.4513 0.2054 0.6974 0.6175   7.5544     2.3460e-17
 1403 0.4513 0.2049 0.6976 0.6172   7.5245     2.3537e-17
 1404 0.4513 0.2044 0.6978 0.6169   7.4947     2.3614e-17
 1405 0.4514 0.2039 0.6980 0.6166   7.4649     2.3691e-17
 1406 0.4514 0.2034 0.6982 0.6163   7.4352     2.3769e-17
 1407 0.4514 0.2028 0.6984 0.6160   7.4055     2.3847e-17
 1408 0.4514 0.2023 0.6987 0.6157   7.3759     2.3926e-17
 1409 0.4515 0.2018 0.6989 0.6154   7.3464     2.4005e-17
 1410 0.4515 0.2013 0.6991 0.6151   7.3169     2.4084e-17
 1411 0.4515 0.2008 0.6993 0.6148   7.2875     2.4165e-17
 1412 0.4516 0.2003 0.6995 0.6145   7.2581     2.4245e-17
 1413 0.4516 0.1998 0.6997 0.6142   7.2288     2.4326e-17
 1414 0.4516 0.1993 0.6999 0.6139   7.1996     2.4408e-17
 1415 0.4516 0.1988 0.7002 0.6136   7.1704     2.4490e-17
 1416 0.4516 0.1983 0.7004 0.6133   7.1412     2.4572e-17
 1417 0.4517 0.1978 0.6999 0.6130   7.1048     2.4681e-17
 1418 0.4517 0.1972 0.6993 0.6127   7.0683     2.4791e-17
 1419 0.4517 0.1967 0.6988 0.6126   7.0319     2.4901e-17
 1420 0.4518 0.1962 0.6983 0.6124   7.0133     2.4950e-17
 1421 0.4518 0.1957 0.6977 0.6123   6.9966     2.4992e-17
 1422 0.4518 0.1952 0.6972 0.6121   6.9798     2.5035e-17
 1423 0.4518 0.1947 0.6967 0.6120   6.9630     2.5077e-17
 1424 0.4519 0.1942 0.6961 0.6119   6.9463     2.5120e-17
 1425 0.4519 0.1937 0.6956 0.6117   6.9295     2.5163e-17
 1426 0.4519 0.1932 0.6951 0.6116   6.9127     2.5207e-17
 1427 0.4519 0.1927 0.6945 0.6115   6.8958     2.5251e-17
 1428 0.4519 0.1921 0.6940 0.6113   6.8790     2.5295e-17
 1429 0.4520 0.1916 0.6935 0.6112   6.8622     2.5339e-17
 1430 0.4520 0.1911 0.6930 0.6110   6.8453     2.5384e-17
 1431 0.4520 0.1906 0.6924 0.6109   6.8284     2.5429e-17
 1432 0.4521 0.1901 0.6919 0.6108   6.8115     2.5474e-17
 1433 0.4521 0.1896 0.6914 0.6106   6.7947     2.5519e-17
 1434 0.4521 0.1891 0.6908 0.6105   6.7780     2.5564e-17
 1435 0.4521 0.1886 0.6903 0.6104   6.7616     2.5608e-17
 1436 0.4521 0.1881 0.6898 0.6102   6.7454     2.5652e-17
 1437 0.4522 0.1876 0.6892 0.6103   6.7189     2.5735e-17
 1438 0.4522 0.1872 0.6887 0.6105   6.6919     2.5821e-17
 1439 0.4522 0.1867 0.6882 0.6106   6.6649     2.5908e-17
 1440 0.4523 0.1862 0.6876 0.6107   6.6379     2.5995e-17
 1441 0.4523 0.1857 0.6871 0.6108   6.6110     2.6083e-17
 1442 0.4523 0.1852 0.6866 0.6110   6.5842     2.6171e-17
 1443 0.4523 0.1848 0.6861 0.6111   6.5574     2.6259e-17
 1444 0.4524 0.1843 0.6855 0.6112   6.5307     2.6348e-17
 1445 0.4524 0.1838 0.6850 0.6114   6.5041     2.6438e-17
 1446 0.4524 0.1833 0.6845 0.6115   6.4775     2.6528e-17
 1447 0.4524 0.1829 0.6843 0.6116   6.4542     2.6605e-17
 1448 0.4525 0.1824 0.6843 0.6117   6.4327     2.6676e-17
 1449 0.4525 0.1819 0.6843 0.6119   6.4112     2.6747e-17
 1450 0.4525 0.1814 0.6843 0.6120   6.3897     2.6818e-17
 1451 0.4527 0.1809 0.6843 0.6121   6.3700     2.6883e-17
 1452 0.4528 0.1805 0.6843 0.6123   6.3503     2.6948e-17
 1453 0.4530 0.1800 0.6842 0.6124   6.3307     2.7013e-17
 1454 0.4531 0.1795 0.6842 0.6125   6.3110     2.7078e-17
 1455 0.4533 0.1790 0.6842 0.6126   6.2914     2.7144e-17
 1456 0.4534 0.1786 0.6842 0.6128   6.2794     2.7177e-17
 1457 0.4535 0.1781 0.6842 0.6129   6.2691     2.7203e-17
 1458 0.4537 0.1776 0.6842 0.6131   6.2587     2.7230e-17
 1459 0.4539 0.1771 0.6842 0.6134   6.2483     2.7256e-17
 1460 0.4540 0.1767 0.6842 0.6137   6.2378     2.7283e-17
 1461 0.4541 0.1762 0.6842 0.6140   6.2274     2.7310e-17
 1462 0.4543 0.1757 0.6842 0.6143   6.2169     2.7338e-17
 1463 0.4544 0.1752 0.6842 0.6146   6.2063     2.7366e-17
 1464 0.4546 0.1747 0.6842 0.6149   6.1958     2.7393e-17
 1465 0.4548 0.1743 0.6842 0.6152   6.1852     2.7422e-17
 1466 0.4549 0.1738 0.6842 0.6155   6.1745     2.7450e-17
 1467 0.4550 0.1733 0.6842 0.6158   6.1639     2.7479e-17
 1468 0.4552 0.1728 0.6842 0.6161   6.1532     2.7508e-17
 1469 0.4554 0.1724 0.6844 0.6164   6.1445     2.7528e-17
 1470 0.4555 0.1719 0.6847 0.6167   6.1370     2.7543e-17
 1471 0.4556 0.1714 0.6851 0.6170   6.1300     2.7556e-17
 1472 0.4558 0.1710 0.6854 0.6173   6.1235     2.7566e-17
 1473 0.4560 0.1706 0.6857 0.6176   6.1174     2.7575e-17
 1474 0.4561 0.1702 0.6860 0.6178   6.1119     2.7581e-17
 1475 0.4563 0.1698 0.6864 0.6181   6.1067     2.7586e-17
 1476 0.4564 0.1694 0.6867 0.6185   6.1014     2.7591e-17
 1477 0.4565 0.1690 0.6870 0.6189   6.0960     2.7597e-17
 1478 0.4567 0.1686 0.6873 0.6193   6.0897     2.7607e-17
 1479 0.4569 0.1682 0.6876 0.6198   6.0825     2.7621e-17
 1480 0.4570 0.1678 0.6880 0.6202   6.0753     2.7635e-17
 1481 0.4571 0.1673 0.6883 0.6206   6.0680     2.7649e-17
 1482 0.4573 0.1669 0.6886 0.6210   6.0607     2.7664e-17
 1483 0.4575 0.1665 0.6889 0.6214   6.0534     2.7678e-17
 1484 0.4576 0.1661 0.6893 0.6218   6.0461     2.7693e-17
 1485 0.4577 0.1657 0.6896 0.6222   6.0387     2.7708e-17
 1486 0.4579 0.1653 0.6899 0.6226   6.0313     2.7724e-17
 1487 0.4581 0.1649 0.6902 0.6231   6.0239     2.7739e-17
 1488 0.4582 0.1645 0.6906 0.6235   6.0165     2.7755e-17
 1489 0.4583 0.1641 0.6909 0.6239   6.0090     2.7771e-17
 1490 0.4585 0.1637 0.6912 0.6243   6.0015     2.7787e-17
 1491 0.4587 0.1633 0.6915 0.6247   5.9939     2.7803e-17
 1492 0.4588 0.1629 0.6919 0.6251   5.9864     2.7820e-17
 1493 0.4590 0.1625 0.6922 0.6255   5.9788     2.7836e-17
 1494 0.4591 0.1621 0.6925 0.6260   5.9712     2.7853e-17
 1495 0.4592 0.1617 0.6928 0.6264   5.9635     2.7870e-17
 1496 0.4594 0.1613 0.6932 0.6268   5.9558     2.7887e-17
 1497 0.4595 0.1609 0.6935 0.6272   5.9481     2.7905e-17
 1498 0.4597 0.1605 0.6938 0.6276   5.9404     2.7923e-17
 1499 0.4598 0.1601 0.6941 0.6280   5.9326     2.7941e-17
 1500 0.4600 0.1597 0.6945 0.6284   5.9248     2.7959e-17
 1501 0.4602 0.1593 0.6947 0.6289   5.9168     2.7978e-17
 1502 0.4604 0.1589 0.6949 0.6293   5.9078     2.8002e-17
 1503 0.4605 0.1585 0.6950 0.6297   5.8987     2.8026e-17
 1504 0.4607 0.1581 0.6952 0.6301   5.8896     2.8051e-17
 1505 0.4609 0.1577 0.6953 0.6305   5.8805     2.8076e-17
 1506 0.4610 0.1573 0.6954 0.6309   5.8713     2.8101e-17
 1507 0.4612 0.1569 0.6956 0.6313   5.8621     2.8126e-17
 1508 0.4614 0.1565 0.6957 0.6317   5.8529     2.8152e-17
 1509 0.4616 0.1561 0.6959 0.6322   5.8437     2.8178e-17
 1510 0.4618 0.1557 0.6960 0.6326   5.8344     2.8204e-17
 1511 0.4619 0.1553 0.6962 0.6330   5.8251     2.8230e-17
 1512 0.4621 0.1549 0.6963 0.6334   5.8158     2.8257e-17
 1513 0.4623 0.1545 0.6965 0.6338   5.8065     2.8283e-17
 1514 0.4624 0.1541 0.6966 0.6342   5.7972     2.8310e-17
 1515 0.4626 0.1537 0.6968 0.6346   5.7881     2.8335e-17
 1516 0.4628 0.1533 0.6969 0.6351   5.7792     2.8361e-17
 1517 0.4630 0.1529 0.6970 0.6355   5.7701     2.8387e-17
 1518 0.4631 0.1526 0.6972 0.6359   5.7607     2.8414e-17
 1519 0.4633 0.1522 0.6973 0.6363   5.7513     2.8442e-17
 1520 0.4635 0.1518 0.6975 0.6367   5.7419     2.8470e-17
 1521 0.4637 0.1514 0.6976 0.6371   5.7325     2.8498e-17
 1522 0.4638 0.1510 0.6978 0.6375   5.7230     2.8526e-17
 1523 0.4640 0.1506 0.6979 0.6379   5.7135     2.8555e-17
 1524 0.4642 0.1503 0.6981 0.6384   5.7040     2.8583e-17
 1525 0.4644 0.1499 0.6982 0.6388   5.6945     2.8612e-17
 1526 0.4646 0.1495 0.6984 0.6392   5.6850     2.8642e-17
 1527 0.4647 0.1491 0.6985 0.6396   5.6754     2.8671e-17
 1528 0.4649 0.1487 0.6986 0.6400   5.6658     2.8701e-17
 1529 0.4651 0.1484 0.6988 0.6404   5.6562     2.8731e-17
 1530 0.4653 0.1480 0.6989 0.6408   5.6466     2.8761e-17
 1531 0.4654 0.1476 0.6991 0.6413   5.6369     2.8792e-17
 1532 0.4656 0.1472 0.6992 0.6417   5.6272     2.8822e-17
 1533 0.4658 0.1468 0.6994 0.6421   5.6175     2.8853e-17
 1534 0.4660 0.1465 0.6995 0.6426   5.6078     2.8885e-17
 1535 0.4661 0.1461 0.6997 0.6431   5.5980     2.8916e-17
 1536 0.4663 0.1457 0.6998 0.6435   5.5883     2.8948e-17
 1537 0.4665 0.1453 0.7000 0.6440   5.5789     2.8977e-17
 1538 0.4667 0.1449 0.7002 0.6445   5.5697     2.9006e-17
 1539 0.4668 0.1445 0.7004 0.6450   5.5605     2.9036e-17
 1540 0.4670 0.1442 0.7007 0.6454   5.5512     2.9065e-17
 1541 0.4672 0.1438 0.7009 0.6459   5.5419     2.9095e-17
 1542 0.4674 0.1434 0.7011 0.6464   5.5326     2.9125e-17
 1543 0.4675 0.1430 0.7013 0.6469   5.5232     2.9156e-17
 1544 0.4677 0.1426 0.7015 0.6473   5.5139     2.9186e-17
 1545 0.4679 0.1423 0.7018 0.6478   5.5045     2.9217e-17
 1546 0.4681 0.1419 0.7020 0.6483   5.4951     2.9248e-17
 1547 0.4682 0.1415 0.7022 0.6488   5.4856     2.9280e-17
 1548 0.4684 0.1411 0.7024 0.6492   5.4761     2.9311e-17
 1549 0.4686 0.1407 0.7026 0.6497   5.4666     2.9343e-17
 1550 0.4688 0.1403 0.7029 0.6502   5.4571     2.9376e-17
 1551 0.4680 0.1400 0.7031 0.6507   5.4371     2.9465e-17
 1552 0.4673 0.1396 0.7033 0.6511   5.4171     2.9554e-17
 1553 0.4666 0.1392 0.7035 0.6516   5.3972     2.9645e-17
 1554 0.4658 0.1388 0.7037 0.6521   5.3772     2.9735e-17
 1555 0.4651 0.1384 0.7040 0.6526   5.3573     2.9827e-17
 1556 0.4644 0.1381 0.7042 0.6531   5.3374     2.9919e-17
 1557 0.4637 0.1377 0.7044 0.6535   5.3175     3.0011e-17
 1558 0.4629 0.1373 0.7046 0.6540   5.2977     3.0105e-17
 1559 0.4622 0.1369 0.7048 0.6545   5.2778     3.0198e-17
 1560 0.4615 0.1365 0.7051 0.6550   5.2580     3.0293e-17
 1561 0.4608 0.1362 0.7053 0.6552   5.2382     3.0388e-17
 1562 0.4600 0.1358 0.7055 0.6554   5.2184     3.0483e-17
 1563 0.4593 0.1354 0.7057 0.6556   5.1986     3.0580e-17
 1564 0.4586 0.1350 0.7059 0.6559   5.1789     3.0677e-17
 1565 0.4579 0.1346 0.7062 0.6561   5.1592     3.0774e-17
 1566 0.4571 0.1342 0.7064 0.6563   5.1395     3.0873e-17
 1567 0.4564 0.1339 0.7066 0.6565   5.1198     3.0972e-17
 1568 0.4557 0.1335 0.7068 0.6567   5.1004     3.1070e-17
 1569 0.4550 0.1331 0.7070 0.6569   5.0817     3.1164e-17
 1570 0.4543 0.1328 0.7073 0.6571   5.0637     3.1254e-17
 1571 0.4535 0.1325 0.7075 0.6573   5.0466     3.1341e-17
 1572 0.4528 0.1322 0.7077 0.6575   5.0299     3.1425e-17
 1573 0.4521 0.1319 0.7078 0.6577   5.0131     3.1510e-17
 1574 0.4513 0.1316 0.7078 0.6580   4.9985     3.1582e-17
 1575 0.4506 0.1313 0.7079 0.6582   4.9840     3.1654e-17
 1576 0.4499 0.1310 0.7080 0.6584   4.9694     3.1727e-17
 1577 0.4492 0.1307 0.7081 0.6586   4.9548     3.1800e-17
 1578 0.4484 0.1305 0.7082 0.6588   4.9403     3.1873e-17
 1579 0.4477 0.1302 0.7083 0.6590   4.9257     3.1947e-17
 1580 0.4470 0.1299 0.7083 0.6592   4.9112     3.2021e-17
 1581 0.4463 0.1296 0.7084 0.6594   4.8966     3.2096e-17
 1582 0.4455 0.1293 0.7085 0.6596   4.8821     3.2171e-17
 1583 0.4448 0.1290 0.7086 0.6598   4.8676     3.2247e-17
 1584 0.4441 0.1287 0.7087 0.6601   4.8531     3.2323e-17
 1585 0.4434 0.1285 0.7088 0.6603   4.8385     3.2400e-17
 1586 0.4426 0.1282 0.7088 0.6605   4.8240     3.2477e-17
 1587 0.4419 0.1279 0.7089 0.6609   4.8095     3.2554e-17
 1588 0.4412 0.1276 0.7090 0.6612   4.7950     3.2632e-17
 1589 0.4405 0.1273 0.7091 0.6616   4.7805     3.2710e-17
 1590 0.4397 0.1270 0.7092 0.6619   4.7660     3.2789e-17
 1591 0.4390 0.1267 0.7093 0.6623   4.7515     3.2868e-17
 1592 0.4383 0.1265 0.7093 0.6627   4.7370     3.2948e-17
 1593 0.4376 0.1262 0.7094 0.6630   4.7226     3.3028e-17
 1594 0.4368 0.1259 0.7095 0.6634   4.7081     3.3109e-17
 1595 0.4361 0.1256 0.7096 0.6637   4.6936     3.3190e-17
 1596 0.4354 0.1253 0.7097 0.6641   4.6792     3.3272e-17
 1597 0.4347 0.1250 0.7098 0.6644   4.6647     3.3354e-17
 1598 0.4339 0.1247 0.7098 0.6648   4.6503     3.3437e-17
 1599 0.4332 0.1245 0.7099 0.6651   4.6358     3.3520e-17
 1600 0.4325 0.1242 0.7100 0.6655   4.6214     3.3604e-17
 1601 0.4302 0.1239 0.7101 0.6658   4.5899     3.3813e-17
 1602 0.4278 0.1236 0.7102 0.6662   4.5585     3.4025e-17
 1603 0.4255 0.1233 0.7105 0.6666   4.5284     3.4230e-17
 1604 0.4232 0.1230 0.7108 0.6669   4.4985     3.4436e-17
 1605 0.4209 0.1227 0.7111 0.6673   4.4687     3.4644e-17
 1606 0.4185 0.1224 0.7114 0.6676   4.4389     3.4855e-17
 1607 0.4162 0.1222 0.7117 0.6680   4.4091     3.5069e-17
 1608 0.4139 0.1219 0.7120 0.6683   4.3793     3.5285e-17
 1609 0.4116 0.1216 0.7124 0.6687   4.3496     3.5504e-17
 1610 0.4092 0.1213 0.7127 0.6690   4.3200     3.5725e-17
 1611 0.4069 0.1210 0.7130 0.6694   4.2904     3.5950e-17
 1612 0.4046 0.1207 0.7133 0.6698   4.2608     3.6177e-17
 1613 0.4023 0.1204 0.7136 0.6701   4.2312     3.6407e-17
 1614 0.3999 0.1202 0.7139 0.6705   4.2017     3.6640e-17
 1615 0.3976 0.1199 0.7142 0.6708   4.1722     3.6876e-17
 1616 0.3953 0.1196 0.7145 0.6710   4.1428     3.7115e-17
 1617 0.3930 0.1193 0.7149 0.6710   4.1134     3.7357e-17
 1618 0.3907 0.1190 0.7152 0.6710   4.0841     3.7602e-17
 1619 0.3883 0.1187 0.7155 0.6710   4.0548     3.7850e-17
 1620 0.3860 0.1184 0.7158 0.6710   4.0255     3.8102e-17
 1621 0.3837 0.1182 0.7161 0.6710   3.9963     3.8357e-17
 1622 0.3814 0.1179 0.7164 0.6710   3.9674     3.8612e-17
 1623 0.3790 0.1176 0.7167 0.6710   3.9390     3.8867e-17
 1624 0.3767 0.1174 0.7171 0.6710   3.9109     3.9122e-17
 1625 0.3744 0.1171 0.7174 0.6710   3.8824     3.9385e-17
 1626 0.3720 0.1169 0.7177 0.6710   3.8544     3.9647e-17
 1627 0.3697 0.1167 0.7180 0.6710   3.8264     3.9912e-17
 1628 0.3674 0.1164 0.7183 0.6710   3.7985     4.0180e-17
 1629 0.3651 0.1162 0.7186 0.6710   3.7707     4.0452e-17
 1630 0.3627 0.1160 0.7189 0.6711   3.7429     4.0728e-17
 1631 0.3604 0.1158 0.7193 0.6711   3.7151     4.1007e-17
 1632 0.3581 0.1156 0.7196 0.6711   3.6874     4.1290e-17
 1633 0.3558 0.1153 0.7199 0.6711   3.6597     4.1577e-17
 1634 0.3534 0.1151 0.7202 0.6711   3.6320     4.1868e-17
 1635 0.3511 0.1149 0.7205 0.6711   3.6044     4.2163e-17
 1636 0.3488 0.1147 0.7208 0.6711   3.5768     4.2463e-17
 1637 0.3465 0.1144 0.7211 0.6711   3.5492     4.2766e-17
 1638 0.3441 0.1142 0.7214 0.6711   3.5217     4.3074e-17
 1639 0.3418 0.1140 0.7218 0.6711   3.4943     4.3386e-17
 1640 0.3395 0.1138 0.7221 0.6711   3.4668     4.3702e-17
 1641 0.3372 0.1135 0.7224 0.6711   3.4394     4.4024e-17
 1642 0.3348 0.1133 0.7227 0.6712   3.4121     4.4349e-17
 1643 0.3325 0.1131 0.7230 0.6714   3.3848     4.4680e-17
 1644 0.3302 0.1129 0.7233 0.6717   3.3575     4.5015e-17
 1645 0.3279 0.1126 0.7237 0.6720   3.3304     4.5354e-17
 1646 0.3255 0.1124 0.7240 0.6723   3.3034     4.5698e-17
 1647 0.3232 0.1122 0.7243 0.6725   3.2763     4.6047e-17
 1648 0.3209 0.1120 0.7247 0.6728   3.2493     4.6402e-17
 1649 0.3186 0.1117 0.7250 0.6731   3.2224     4.6761e-17
 1650 0.3162 0.1115 0.7254 0.6734   3.1955     4.7127e-17
 1651 0.3169 0.1113 0.7257 0.6737   3.1986     4.7052e-17
 1652 0.3176 0.1111 0.7260 0.6739   3.2017     4.6977e-17
 1653 0.3182 0.1109 0.7264 0.6742   3.2048     4.6903e-17
 1654 0.3188 0.1106 0.7267 0.6745   3.2079     4.6830e-17
 1655 0.3195 0.1104 0.7271 0.6748   3.2110     4.6757e-17
 1656 0.3201 0.1102 0.7274 0.6750   3.2140     4.6685e-17
 1657 0.3208 0.1100 0.7277 0.6753   3.2170     4.6613e-17
 1658 0.3215 0.1097 0.7281 0.6756   3.2200     4.6542e-17
 1659 0.3221 0.1095 0.7284 0.6759   3.2230     4.6471e-17
 1660 0.3228 0.1093 0.7288 0.6762   3.2259     4.6401e-17
 1661 0.3234 0.1091 0.7291 0.6764   3.2288     4.6331e-17
 1662 0.3241 0.1088 0.7294 0.6767   3.2317     4.6262e-17
 1663 0.3247 0.1086 0.7298 0.6770   3.2345     4.6193e-17
 1664 0.3254 0.1084 0.7301 0.6773   3.2374     4.6125e-17
 1665 0.3260 0.1082 0.7305 0.6775   3.2402     4.6058e-17
 1666 0.3266 0.1079 0.7308 0.6778   3.2429     4.5991e-17
 1667 0.3273 0.1077 0.7311 0.6781   3.2457     4.5924e-17
 1668 0.3280 0.1075 0.7315 0.6784   3.2484     4.5858e-17
 1669 0.3286 0.1073 0.7318 0.6787   3.2511     4.5792e-17
 1670 0.3292 0.1071 0.7322 0.6789   3.2538     4.5727e-17
 1671 0.3299 0.1068 0.7325 0.6792   3.2565     4.5663e-17
 1672 0.3305 0.1066 0.7328 0.6796   3.2590     4.5600e-17
 1673 0.3312 0.1064 0.7332 0.6799   3.2613     4.5540e-17
 1674 0.3319 0.1062 0.7335 0.6802   3.2636     4.5481e-17
 1675 0.3325 0.1059 0.7339 0.6806   3.2659     4.5422e-17
 1676 0.3331 0.1057 0.7342 0.6809   3.2681     4.5364e-17
 1677 0.3338 0.1055 0.7345 0.6812   3.2703     4.5306e-17
 1678 0.3344 0.1053 0.7349 0.6816   3.2725     4.5249e-17
 1679 0.3351 0.1050 0.7352 0.6819   3.2747     4.5192e-17
 1680 0.3357 0.1048 0.7355 0.6822   3.2768     4.5136e-17
 1681 0.3364 0.1046 0.7359 0.6826   3.2789     4.5080e-17
 1682 0.3370 0.1044 0.7362 0.6829   3.2810     4.5025e-17
 1683 0.3377 0.1041 0.7364 0.6832   3.2823     4.4980e-17
 1684 0.3383 0.1039 0.7363 0.6836   3.2825     4.4951e-17
 1685 0.3390 0.1037 0.7363 0.6839   3.2827     4.4921e-17
 1686 0.3397 0.1035 0.7362 0.6842   3.2829     4.4892e-17
 1687 0.3403 0.1032 0.7361 0.6841   3.2830     4.4864e-17
 1688 0.3410 0.1030 0.7361 0.6837   3.2831     4.4836e-17
 1689 0.3416 0.1028 0.7360 0.6833   3.2832     4.4808e-17
 1690 0.3422 0.1026 0.7359 0.6828   3.2833     4.4781e-17
 1691 0.3429 0.1024 0.7359 0.6824   3.2833     4.4754e-17
 1692 0.3435 0.1021 0.7358 0.6820   3.2833     4.4727e-17
 1693 0.3442 0.1019 0.7357 0.6815   3.2833     4.4701e-17
 1694 0.3448 0.1017 0.7357 0.6811   3.2832     4.4675e-17
 1695 0.3455 0.1015 0.7356 0.6806   3.2832     4.4649e-17
 1696 0.3462 0.1012 0.7356 0.6802   3.2834     4.4620e-17
 1697 0.3468 0.1010 0.7355 0.6798   3.2838     4.4589e-17
 1698 0.3475 0.1008 0.7354 0.6793   3.2843     4.4555e-17
 1699 0.3481 0.1006 0.7354 0.6803   3.2851     4.4519e-17
 1700 0.3487 0.1004 0.7353 0.6815   3.2859     4.4481e-17
 1701 0.3494 0.1003 0.7352 0.6828   3.2863     4.4450e-17
 1702 0.3499 0.1001 0.7352 0.6840   3.2866     4.4419e-17
 1703 0.3505 0.0999 0.7351 0.6852   3.2870     4.4389e-17
 1704 0.3512 0.0997 0.7350 0.6865   3.2873     4.4359e-17
 1705 0.3517 0.0995 0.7350 0.6877   3.2875     4.4329e-17
 1706 0.3523 0.0993 0.7349 0.6889   3.2878     4.4300e-17
 1707 0.3529 0.0991 0.7348 0.6901   3.2880     4.4271e-17
 1708 0.3536 0.0989 0.7348 0.6914   3.2882     4.4242e-17
 1709 0.3541 0.0987 0.7347 0.6923   3.2884     4.4213e-17
 1710 0.3548 0.0985 0.7346 0.6923   3.2886     4.4185e-17
 1711 0.3554 0.0983 0.7346 0.6923   3.2889     4.4156e-17
 1712 0.3559 0.0982 0.7345 0.6923   3.2901     4.4114e-17
 1713 0.3565 0.0980 0.7344 0.6923   3.2913     4.4072e-17
 1714 0.3571 0.0978 0.7344 0.6923   3.2924     4.4031e-17
 1715 0.3577 0.0976 0.7343 0.6923   3.2936     4.3990e-17
 1716 0.3583 0.0974 0.7343 0.6923   3.2947     4.3949e-17
 1717 0.3590 0.0972 0.7342 0.6923   3.2958     4.3909e-17
 1718 0.3595 0.0970 0.7341 0.6923   3.2969     4.3869e-17
 1719 0.3602 0.0968 0.7341 0.6924   3.2980     4.3829e-17
 1720 0.3607 0.0966 0.7340 0.6924   3.2990     4.3790e-17
 1721 0.3613 0.0964 0.7339 0.6924   3.3000     4.3751e-17
 1722 0.3620 0.0962 0.7339 0.6924   3.3010     4.3712e-17
 1723 0.3625 0.0961 0.7338 0.6924   3.3020     4.3674e-17
 1724 0.3632 0.0959 0.7337 0.6924   3.3029     4.3636e-17
 1725 0.3637 0.0957 0.7337 0.6924   3.3038     4.3599e-17
 1726 0.3643 0.0955 0.7336 0.6924   3.3047     4.3562e-17
 1727 0.3650 0.0953 0.7337 0.6924   3.3063     4.3516e-17
 1728 0.3656 0.0951 0.7339 0.6924   3.3084     4.3463e-17
 1729 0.3661 0.0949 0.7341 0.6926   3.3106     4.3409e-17
 1730 0.3668 0.0947 0.7343 0.6927   3.3127     4.3357e-17
 1731 0.3673 0.0945 0.7346 0.6928   3.3148     4.3305e-17
 1732 0.3679 0.0943 0.7348 0.6929   3.3168     4.3253e-17
 1733 0.3685 0.0941 0.7350 0.6930   3.3189     4.3201e-17
 1734 0.3692 0.0940 0.7352 0.6932   3.3209     4.3150e-17
 1735 0.3697 0.0938 0.7355 0.6933   3.3229     4.3099e-17
 1736 0.3704 0.0936 0.7357 0.6934   3.3248     4.3049e-17
 1737 0.3709 0.0934 0.7359 0.6935   3.3268     4.2999e-17
 1738 0.3715 0.0932 0.7361 0.6937   3.3287     4.2949e-17
 1739 0.3721 0.0930 0.7363 0.6938   3.3306     4.2900e-17
 1740 0.3728 0.0928 0.7366 0.6939   3.3325     4.2851e-17
 1741 0.3734 0.0926 0.7368 0.6940   3.3343     4.2803e-17
 1742 0.3740 0.0924 0.7370 0.6942   3.3354     4.2765e-17
 1743 0.3745 0.0922 0.7372 0.6943   3.3349     4.2747e-17
 1744 0.3751 0.0920 0.7375 0.6944   3.3344     4.2729e-17
 1745 0.3757 0.0918 0.7377 0.6945   3.3338     4.2712e-17
 1746 0.3764 0.0917 0.7379 0.6946   3.3332     4.2694e-17
 1747 0.3769 0.0915 0.7381 0.6948   3.3327     4.2677e-17
 1748 0.3775 0.0913 0.7383 0.6949   3.3321     4.2661e-17
 1749 0.3781 0.0911 0.7386 0.6950   3.3314     4.2645e-17
 1750 0.3787 0.0909 0.7388 0.6951   3.3308     4.2629e-17
 1751 0.3786 0.0907 0.7390 0.6950   3.3237     4.2694e-17
 1752 0.3785 0.0905 0.7392 0.6949   3.3167     4.2761e-17
 1753 0.3784 0.0903 0.7394 0.6948   3.3096     4.2827e-17
 1754 0.3783 0.0901 0.7397 0.6946   3.3026     4.2894e-17
 1755 0.3781 0.0899 0.7399 0.6945   3.2955     4.2961e-17
 1756 0.3780 0.0897 0.7401 0.6944   3.2885     4.3029e-17
 1757 0.3779 0.0896 0.7403 0.6943   3.2815     4.3097e-17
 1758 0.3778 0.0894 0.7406 0.6941   3.2744     4.3165e-17
 1759 0.3776 0.0892 0.7408 0.6940   3.2674     4.3233e-17
 1760 0.3775 0.0890 0.7410 0.6939   3.2603     4.3302e-17
 1761 0.3774 0.0888 0.7412 0.6937   3.2533     4.3371e-17
 1762 0.3772 0.0886 0.7414 0.6936   3.2462     4.3441e-17
 1763 0.3771 0.0884 0.7417 0.6935   3.2392     4.3511e-17
 1764 0.3770 0.0882 0.7419 0.6934   3.2321     4.3581e-17
 1765 0.3769 0.0880 0.7421 0.6932   3.2251     4.3651e-17
 1766 0.3767 0.0878 0.7423 0.6931   3.2180     4.3722e-17
 1767 0.3766 0.0876 0.7426 0.6930   3.2055     4.3868e-17
 1768 0.3765 0.0875 0.7428 0.6928   3.1928     4.4018e-17
 1769 0.3764 0.0873 0.7430 0.6927   3.1801     4.4169e-17
 1770 0.3762 0.0871 0.7432 0.6930   3.1674     4.4320e-17
 1771 0.3761 0.0869 0.7434 0.6934   3.1548     4.4473e-17
 1772 0.3760 0.0867 0.7437 0.6938   3.1422     4.4626e-17
 1773 0.3759 0.0865 0.7439 0.6942   3.1296     4.4781e-17
 1774 0.3757 0.0863 0.7440 0.6947   3.1168     4.4939e-17
 1775 0.3756 0.0861 0.7442 0.6951   3.1038     4.5102e-17
 1776 0.3755 0.0859 0.7443 0.6955   3.0908     4.5266e-17
 1777 0.3754 0.0857 0.7444 0.6959   3.0779     4.5430e-17
 1778 0.3752 0.0855 0.7445 0.6963   3.0650     4.5596e-17
 1779 0.3751 0.0854 0.7446 0.6967   3.0521     4.5763e-17
 1780 0.3750 0.0852 0.7447 0.6971   3.0392     4.5930e-17
 1781 0.3749 0.0850 0.7448 0.6975   3.0264     4.6099e-17
 1782 0.3748 0.0848 0.7449 0.6980   3.0144     4.6256e-17
 1783 0.3746 0.0846 0.7450 0.6984   3.0224     4.6108e-17
 1784 0.3745 0.0844 0.7451 0.6988   3.0303     4.5962e-17
 1785 0.3744 0.0842 0.7452 0.6992   3.0383     4.5816e-17
 1786 0.3742 0.0840 0.7453 0.6996   3.0461     4.5672e-17
 1787 0.3741 0.0838 0.7454 0.7000   3.0540     4.5530e-17
 1788 0.3740 0.0836 0.7455 0.7004   3.0618     4.5388e-17
 1789 0.3739 0.0834 0.7456 0.7003   3.0695     4.5248e-17
 1790 0.3738 0.0833 0.7457 0.6999   3.0773     4.5109e-17
 1791 0.3736 0.0831 0.7459 0.6995   3.0703     4.5186e-17
 1792 0.3735 0.0829 0.7460 0.6991   3.0515     4.5440e-17
 1793 0.3734 0.0827 0.7461 0.6987   3.0327     4.5696e-17
 1794 0.3732 0.0825 0.7462 0.6983   3.0139     4.5954e-17
 1795 0.3731 0.0823 0.7463 0.6979   2.9953     4.6214e-17
 1796 0.3730 0.0821 0.7464 0.6975   2.9767     4.6477e-17
 1797 0.3729 0.0819 0.7465 0.6971   2.9583     4.6741e-17
 1798 0.3728 0.0817 0.7466 0.6967   2.9399     4.7007e-17
 1799 0.3726 0.0815 0.7467 0.6963   2.9215     4.7276e-17
 1800 0.3725 0.0813 0.7468 0.6959   2.9033     4.7547e-17
 1801 0.3724 0.0811 0.7469 0.6955   2.8857     4.7810e-17
 1802 0.3724 0.0810 0.7470 0.6951   2.8682     4.8075e-17
 1803 0.3723 0.0808 0.7471 0.6947   2.8507     4.8343e-17
 1804 0.3723 0.0806 0.7472 0.6943   2.8333     4.8612e-17
 1805 0.3722 0.0804 0.7473 0.6939   2.8160     4.8884e-17
 1806 0.3722 0.0802 0.7474 0.6935   2.7988     4.9158e-17
 1807 0.3721 0.0800 0.7476 0.6931   2.7816     4.9434e-17
 1808 0.3721 0.0798 0.7477 0.6927   2.7645     4.9712e-17
 1809 0.3721 0.0796 0.7478 0.6923   2.7475     4.9993e-17
 1810 0.3720 0.0794 0.7479 0.6919   2.7305     5.0275e-17
 1811 0.3720 0.0792 0.7480 0.6915   2.7137     5.0560e-17
 1812 0.3719 0.0790 0.7481 0.6911   2.6968     5.0848e-17
 1813 0.3718 0.0789 0.7482 0.6907   2.6801     5.1137e-17
 1814 0.3718 0.0787 0.7483 0.6903   2.6634     5.1429e-17
 1815 0.3717 0.0785 0.7484 0.6899   2.6468     5.1724e-17
 1816 0.3717 0.0783 0.7485 0.6895   2.6302     5.2020e-17
 1817 0.3717 0.0781 0.7486 0.6891   2.6138     5.2319e-17
 1818 0.3716 0.0779 0.7487 0.6887   2.5973     5.2621e-17
 1819 0.3715 0.0777 0.7488 0.6883   2.5810     5.2925e-17
 1820 0.3715 0.0775 0.7489 0.6879   2.5647     5.3232e-17
 1821 0.3714 0.0773 0.7490 0.6875   2.5485     5.3541e-17
 1822 0.3714 0.0771 0.7491 0.6871   2.5324     5.3852e-17
 1823 0.3714 0.0769 0.7493 0.6867   2.5163     5.4166e-17
 1824 0.3713 0.0768 0.7494 0.6863   2.5003     5.4483e-17
 1825 0.3713 0.0766 0.7495 0.6859   2.4844     5.4803e-17
 1826 0.3712 0.0764 0.7496 0.6855   2.4685     5.5125e-17
 1827 0.3712 0.0762 0.7497 0.6851   2.4527     5.5449e-17
 1828 0.3711 0.0760 0.7498 0.6847   2.4370     5.5777e-17
 1829 0.3711 0.0758 0.7499 0.6843   2.4213     5.6107e-17
 1830 0.3710 0.0756 0.7500 0.6839   2.4057     5.6440e-17
 1831 0.3709 0.0754 0.7501 0.6835   2.3902     5.6776e-17
 1832 0.3709 0.0752 0.7502 0.6831   2.3747     5.7115e-17
 1833 0.3708 0.0750 0.7503 0.6827   2.3593     5.7456e-17
 1834 0.3708 0.0748 0.7504 0.6823   2.3440     5.7800e-17
 1835 0.3707 0.0747 0.7505 0.6819   2.3287     5.8148e-17
 1836 0.3707 0.0745 0.7506 0.6815   2.3135     5.8498e-17
 1837 0.3706 0.0743 0.7507 0.6811   2.2984     5.8851e-17
 1838 0.3706 0.0741 0.7508 0.6807   2.2833     5.9207e-17
 1839 0.3706 0.0739 0.7510 0.6803   2.2683     5.9567e-17
 1840 0.3705 0.0737 0.7511 0.6799   2.2533     5.9929e-17
 1841 0.3704 0.0735 0.7512 0.6795   2.2385     6.0295e-17
 1842 0.3704 0.0733 0.7513 0.6791   2.2237     6.0663e-17
 1843 0.3704 0.0731 0.7514 0.6787   2.2089     6.1035e-17
 1844 0.3703 0.0729 0.7515 0.6783   2.1942     6.1410e-17
 1845 0.3703 0.0727 0.7516 0.6779   2.1796     6.1789e-17
 1846 0.3702 0.0725 0.7517 0.6775   2.1651     6.2170e-17
 1847 0.3701 0.0724 0.7518 0.6771   2.1506     6.2555e-17
 1848 0.3701 0.0722 0.7519 0.6767   2.1361     6.2944e-17
 1849 0.3700 0.0720 0.7520 0.6763   2.1218     6.3335e-17
 1850 0.3700 0.0718 0.7521 0.6759   2.1075     6.3731e-17
 1851 0.3698 0.0716 0.7522 0.6755   2.0925     6.4151e-17
 1852 0.3697 0.0714 0.7523 0.6751   2.0777     6.4575e-17
 1853 0.3695 0.0712 0.7524 0.6747   2.0629     6.5003e-17
 1854 0.3693 0.0710 0.7525 0.6743   2.0482     6.5435e-17
 1855 0.3691 0.0708 0.7527 0.6739   2.0335     6.5871e-17
 1856 0.3690 0.0706 0.7528 0.6735   2.0189     6.6311e-17
 1857 0.3688 0.0704 0.7529 0.6731   2.0044     6.6755e-17
 1858 0.3686 0.0703 0.7530 0.6727   1.9900     6.7203e-17
 1859 0.3684 0.0701 0.7531 0.6723   1.9756     6.7655e-17
 1860 0.3683 0.0699 0.7532 0.6719   1.9613     6.8111e-17
 1861 0.3681 0.0697 0.7533 0.6715   1.9471     6.8572e-17
 1862 0.3679 0.0695 0.7534 0.6711   1.9330     6.9037e-17
 1863 0.3677 0.0693 0.7535 0.6707   1.9189     6.9506e-17
 1864 0.3675 0.0691 0.7536 0.6703   1.9049     6.9979e-17
 1865 0.3674 0.0689 0.7537 0.6699   1.8909     7.0457e-17
 1866 0.3672 0.0687 0.7538 0.6695   1.8771     7.0940e-17
 1867 0.3670 0.0685 0.7539 0.6691   1.8633     7.1427e-17
 1868 0.3669 0.0683 0.7540 0.6687   1.8496     7.1918e-17
 1869 0.3667 0.0682 0.7541 0.6683   1.8359     7.2415e-17
 1870 0.3665 0.0680 0.7542 0.6679   1.8223     7.2916e-17
 1871 0.3663 0.0678 0.7544 0.6675   1.8088     7.3421e-17
 1872 0.3661 0.0676 0.7545 0.6671   1.7953     7.3932e-17
 1873 0.3660 0.0674 0.7546 0.6667   1.7820     7.4447e-17
 1874 0.3658 0.0672 0.7547 0.6663   1.7686     7.4968e-17
 1875 0.3656 0.0670 0.7548 0.6659   1.7554     7.5493e-17
 1876 0.3655 0.0668 0.7549 0.6655   1.7422     7.6023e-17
 1877 0.3653 0.0666 0.7550 0.6651   1.7291     7.6559e-17
 1878 0.3651 0.0664 0.7551 0.6647   1.7161     7.7099e-17
 1879 0.3649 0.0662 0.7552 0.6643   1.7031     7.7645e-17
 1880 0.3647 0.0661 0.7553 0.6639   1.6902     7.8197e-17
 1881 0.3646 0.0659 0.7554 0.6635   1.6774     7.8753e-17
 1882 0.3644 0.0657 0.7555 0.6631   1.6646     7.9315e-17
 1883 0.3642 0.0655 0.7556 0.6627   1.6519     7.9883e-17
 1884 0.3641 0.0653 0.7557 0.6623   1.6392     8.0456e-17
 1885 0.3639 0.0651 0.7558 0.6619   1.6267     8.1035e-17
 1886 0.3637 0.0649 0.7559 0.6615   1.6142     8.1619e-17
 1887 0.3635 0.0647 0.7560 0.6611   1.6017     8.2209e-17
 1888 0.3634 0.0645 0.7562 0.6607   1.5894     8.2806e-17
 1889 0.3632 0.0643 0.7563 0.6603   1.5770     8.3408e-17
 1890 0.3630 0.0641 0.7564 0.6599   1.5648     8.4016e-17
 1891 0.3628 0.0640 0.7565 0.6595   1.5526     8.4630e-17
 1892 0.3627 0.0638 0.7566 0.6591   1.5405     8.5250e-17
 1893 0.3625 0.0636 0.7567 0.6587   1.5285     8.5877e-17
 1894 0.3623 0.0634 0.7568 0.6583   1.5165     8.6509e-17
 1895 0.3621 0.0632 0.7569 0.6579   1.5046     8.7149e-17
 1896 0.3620 0.0630 0.7570 0.6575   1.4927     8.7794e-17
 1897 0.3618 0.0628 0.7571 0.6571   1.4809     8.8446e-17
 1898 0.3616 0.0626 0.7572 0.6567   1.4692     8.9105e-17
 1899 0.3614 0.0624 0.7573 0.6563   1.4575     8.9771e-17
 1900 0.3613 0.0622 0.7574 0.6559   1.4459     9.0443e-17
 1901 0.3611 0.0620 0.7575 0.6555   1.4343     9.1129e-17
 1902 0.3608 0.0618 0.7576 0.6551   1.4227     9.1822e-17
 1903 0.3606 0.0617 0.7577 0.6547   1.4112     9.2522e-17
 1904 0.3604 0.0615 0.7579 0.6543   1.3998     9.3229e-17
 1905 0.3602 0.0613 0.7580 0.6539   1.3884     9.3943e-17
 1906 0.3600 0.0611 0.7581 0.6535   1.3771     9.4666e-17
 1907 0.3599 0.0609 0.7582 0.6531   1.3659     9.5395e-17
 1908 0.3596 0.0607 0.7583 0.6527   1.3547     9.6132e-17
 1909 0.3595 0.0605 0.7584 0.6523   1.3435     9.6878e-17
 1910 0.3592 0.0603 0.7585 0.6519   1.3325     9.7630e-17
 1911 0.3591 0.0601 0.7586 0.6515   1.3215     9.8391e-17
 1912 0.3589 0.0599 0.7587 0.6510   1.3106     9.9160e-17
 1913 0.3586 0.0597 0.7588 0.6506   1.2997     9.9938e-17
 1914 0.3585 0.0596 0.7589 0.6502   1.2889     1.0072e-16
 1915 0.3582 0.0594 0.7590 0.6498   1.2781     1.0152e-16
 1916 0.3580 0.0592 0.7591 0.6494   1.2674     1.0232e-16
 1917 0.3578 0.0590 0.7592 0.6490   1.2568     1.0313e-16
 1918 0.3577 0.0588 0.7593 0.6486   1.2463     1.0395e-16
 1919 0.3575 0.0586 0.7594 0.6482   1.2358     1.0478e-16
 1920 0.3573 0.0584 0.7596 0.6478   1.2253     1.0562e-16
 1921 0.3571 0.0582 0.7597 0.6474   1.2149     1.0646e-16
 1922 0.3568 0.0580 0.7598 0.6470   1.2046     1.0732e-16
 1923 0.3566 0.0578 0.7599 0.6466   1.1944     1.0819e-16
 1924 0.3564 0.0576 0.7600 0.6462   1.1842     1.0906e-16
 1925 0.3563 0.0575 0.7601 0.6458   1.1740     1.0995e-16
 1926 0.3560 0.0573 0.7602 0.6454   1.1639     1.1084e-16
 1927 0.3559 0.0571 0.7603 0.6450   1.1539     1.1174e-16
 1928 0.3556 0.0569 0.7604 0.6446   1.1440     1.1266e-16
 1929 0.3555 0.0567 0.7605 0.6442   1.1341     1.1358e-16
 1930 0.3553 0.0565 0.7606 0.6438   1.1242     1.1452e-16
 1931 0.3550 0.0563 0.7607 0.6434   1.1144     1.1546e-16
 1932 0.3548 0.0561 0.7608 0.6430   1.1047     1.1642e-16
 1933 0.3546 0.0559 0.7609 0.6426   1.0950     1.1739e-16
 1934 0.3545 0.0557 0.7610 0.6422   1.0854     1.1836e-16
 1935 0.3542 0.0555 0.7611 0.6418   1.0759     1.1935e-16
 1936 0.3541 0.0554 0.7613 0.6414   1.0664     1.2035e-16
 1937 0.3539 0.0552 0.7614 0.6410   1.0570     1.2137e-16
 1938 0.3537 0.0550 0.7615 0.6406   1.0476     1.2239e-16
 1939 0.3535 0.0548 0.7616 0.6402   1.0383     1.2342e-16
 1940 0.3533 0.0546 0.7617 0.6398   1.0290     1.2447e-16
 1941 0.3530 0.0544 0.7618 0.6394   1.0198     1.2553e-16
 1942 0.3528 0.0542 0.7619 0.6390   1.0106     1.2660e-16
 1943 0.3527 0.0540 0.7620 0.6386   1.0015     1.2768e-16
 1944 0.3525 0.0538 0.7621 0.6382   0.9925     1.2878e-16
 1945 0.3523 0.0536 0.7622 0.6378   0.9835     1.2989e-16
 1946 0.3520 0.0534 0.7623 0.6374   0.9746     1.3101e-16
 1947 0.3519 0.0533 0.7624 0.6370   0.9657     1.3215e-16
 1948 0.3516 0.0531 0.7625 0.6366   0.9569     1.3330e-16
 1949 0.3514 0.0529 0.7626 0.6362   0.9482     1.3446e-16
 1950 0.3513 0.0527 0.7627 0.6358   0.9395     1.3563e-16
 1951 0.3511 0.0525 0.7628 0.6354   0.9310     1.3680e-16
 1952 0.3510 0.0523 0.7630 0.6350   0.9226     1.3797e-16
 1953 0.3509 0.0521 0.7631 0.6346   0.9143     1.3916e-16
 1954 0.3507 0.0519 0.7632 0.6342   0.9060     1.4036e-16
 1955 0.3506 0.0517 0.7633 0.6338   0.8977     1.4158e-16
 1956 0.3505 0.0515 0.7634 0.6334   0.8895     1.4281e-16
 1957 0.3504 0.0513 0.7635 0.6330   0.8814     1.4406e-16
 1958 0.3503 0.0511 0.7636 0.6326   0.8733     1.4532e-16
 1959 0.3501 0.0510 0.7637 0.6322   0.8652     1.4659e-16
 1960 0.3500 0.0508 0.7638 0.6318   0.8572     1.4788e-16
 1961 0.3499 0.0506 0.7639 0.6314   0.8493     1.4919e-16
 1962 0.3498 0.0504 0.7640 0.6310   0.8414     1.5051e-16
 1963 0.3496 0.0502 0.7641 0.6306   0.8336     1.5185e-16
 1964 0.3495 0.0500 0.7642 0.6302   0.8258     1.5321e-16
 1965 0.3494 0.0498 0.7643 0.6298   0.8180     1.5458e-16
 1966 0.3492 0.0496 0.7644 0.6294   0.8103     1.5597e-16
 1967 0.3491 0.0494 0.7645 0.6290   0.8027     1.5738e-16
 1968 0.3490 0.0492 0.7647 0.6286   0.7951     1.5880e-16
 1969 0.3489 0.0490 0.7648 0.6282   0.7875     1.6024e-16
 1970 0.3487 0.0489 0.7649 0.6278   0.7800     1.6170e-16
 1971 0.3486 0.0487 0.7650 0.6274   0.7725     1.6318e-16
 1972 0.3485 0.0485 0.7651 0.6270   0.7651     1.6468e-16
 1973 0.3484 0.0483 0.7652 0.6266   0.7578     1.6619e-16
 1974 0.3483 0.0481 0.7653 0.6262   0.7505     1.6773e-16
 1975 0.3481 0.0479 0.7654 0.6258   0.7432     1.6928e-16
 1976 0.3480 0.0477 0.7655 0.6254   0.7360     1.7086e-16
 1977 0.3479 0.0475 0.7656 0.6250   0.7288     1.7245e-16
 1978 0.3477 0.0473 0.7657 0.6246   0.7217     1.7407e-16
 1979 0.3476 0.0471 0.7658 0.6242   0.7146     1.7570e-16
 1980 0.3475 0.0469 0.7659 0.6238   0.7076     1.7736e-16
 1981 0.3474 0.0468 0.7660 0.6234   0.7006     1.7904e-16
 1982 0.3472 0.0466 0.7661 0.6230   0.6936     1.8074e-16
 1983 0.3471 0.0464 0.7662 0.6226   0.6867     1.8246e-16
 1984 0.3470 0.0462 0.7663 0.6222   0.6799     1.8420e-16
 1985 0.3469 0.0460 0.7665 0.6218   0.6731     1.8597e-16
 1986 0.3467 0.0458 0.7666 0.6214   0.6663     1.8776e-16
 1987 0.3466 0.0456 0.7667 0.6210   0.6596     1.8958e-16
 1988 0.3465 0.0454 0.7668 0.6206   0.6530     1.9141e-16
 1989 0.3464 0.0452 0.7669 0.6202   0.6464     1.9328e-16
 1990 0.3463 0.0450 0.7670 0.6198   0.6398     1.9517e-16
 1991 0.3461 0.0448 0.7671 0.6194   0.6332     1.9708e-16
 1992 0.3460 0.0447 0.7672 0.6190   0.6268     1.9902e-16
 1993 0.3459 0.0445 0.7673 0.6186   0.6203     2.0098e-16
 1994 0.3458 0.0443 0.7674 0.6182   0.6139     2.0298e-16
 1995 0.3456 0.0441 0.7675 0.6178   0.6076     2.0499e-16
 1996 0.3455 0.0439 0.7676 0.6174   0.6013     2.0704e-16
 1997 0.3454 0.0437 0.7677 0.6170   0.5950     2.0912e-16
 1998 0.3453 0.0435 0.7678 0.6166   0.5888     2.1122e-16
 1999 0.3451 0.0433 0.7679 0.6162   0.5826     2.1335e-16
